SCREEN_W = 1280
SCREEN_H = 720
FPS = 60.0
SOUND_EFFECTS = 1.000000
MUSIC = 1.000000